i, f, dt, pos,abs(dt),1,2,3,4
0,105369,25702,1.11001E+23,25702,105369,105369,236440,25702
105369,105369,0,1.11001E+23,0,0,0,131071,131071
105369,105369,0,1.11001E+23,0,0,0,131071,131071
105369,105369,0,1.11001E+23,0,0,0,131071,131071
105369,105369,0,1.11001E+23,0,0,0,131071,131071
105369,105369,0,1.11001E+23,0,0,0,131071,131071
105369,105369,0,1.11001E+23,0,0,0,131071,131071
105369,105369,0,1.11001E+23,0,0,0,131071,131071
105369,105369,0,1.11001E+23,0,0,0,131071,131071
105369,105369,0,1.11001E+23,0,0,0,131071,131071
105369,105369,0,1.11001E+23,0,0,0,131071,131071
105369,105369,0,1.11001E+23,0,0,0,131071,131071
105369,105369,0,1.11001E+23,0,0,0,131071,131071
105369,105369,0,1.11001E+23,0,0,0,131071,131071
105369,105369,0,1.11001E+23,0,0,0,131071,131071
105369,105369,0,1.11001E+23,0,0,0,131071,131071
105369,105369,0,1.11001E+23,0,0,0,131071,131071
105369,105369,0,1.11001E+23,0,0,0,131071,131071
105369,105369,0,1.11001E+23,0,0,0,131071,131071
105369,105369,0,1.11001E+23,0,0,0,131071,131071
105369,105369,0,1.11001E+23,0,0,0,131071,131071
105369,105369,0,1.11001E+23,0,0,0,131071,131071
105369,105369,0,1.11001E+23,0,0,0,131071,131071
105369,105369,0,1.11001E+23,0,0,0,131071,131071
105369,105369,0,1.11001E+23,0,0,0,131071,131071
105369,105369,0,1.11001E+23,0,0,0,131071,131071
105369,105369,0,1.11001E+23,0,0,0,131071,131071
105369,105369,0,1.11001E+23,0,0,0,131071,131071
105369,105369,0,1.11001E+23,0,0,0,131071,131071
105369,105369,0,1.11001E+23,0,0,0,131071,131071
105369,105369,0,1.11001E+23,0,0,0,131071,131071
105369,105369,0,1.11001E+23,0,0,0,131071,131071
105369,105369,0,1.11001E+23,0,0,0,131071,131071
105369,105369,0,1.11001E+23,0,0,0,131071,131071
105369,105369,0,1.11001E+23,0,0,0,131071,131071
105369,105369,0,1.11001E+23,0,0,0,131071,131071
105369,105369,0,1.11001E+23,0,0,0,131071,131071
105369,105369,0,1.11001E+23,0,0,0,131071,131071
105369,105369,0,1.11001E+23,0,0,0,131071,131071
105369,105369,0,1.11001E+23,0,0,0,131071,131071
105369,105369,0,1.11001E+23,0,0,0,131071,131071
105369,105369,0,1.11001E+23,0,0,0,131071,131071
105369,105369,0,1.11001E+23,0,0,0,131071,131071
105369,105369,0,1.11001E+23,0,0,0,131071,131071
105369,105369,0,1.11001E+23,0,0,0,131071,131071
105369,105369,0,1.11001E+23,0,0,0,131071,131071
105369,105369,0,1.11001E+23,0,0,0,131071,131071
105369,105369,0,1.11001E+23,0,0,0,131071,131071
105369,105369,0,1.11001E+23,0,0,0,131071,131071
105369,105369,0,1.11001E+23,0,0,0,131071,131071
105369,105369,0,1.11001E+23,0,0,0,131071,131071
105369,105369,0,1.11001E+23,0,0,0,131071,131071
105369,105369,0,1.11001E+23,0,0,0,131071,131071
105369,105369,0,1.11001E+23,0,0,0,131071,131071
105369,105369,0,1.11001E+23,0,0,0,131071,131071
105369,105369,0,1.11001E+23,0,0,0,131071,131071
105369,105369,0,1.11001E+23,0,0,0,131071,131071
105369,105369,0,1.11001E+23,0,0,0,131071,131071
105369,105369,0,1.11001E+23,0,0,0,131071,131071
105369,105369,0,1.11001E+23,0,0,0,131071,131071
105369,105369,0,1.11001E+23,0,0,0,131071,131071
105369,105369,0,1.11001E+23,0,0,0,131071,131071
105369,105369,0,1.11001E+23,0,0,0,131071,131071
105369,105369,0,1.11001E+23,0,0,0,131071,131071
105369,105369,0,1.11001E+23,0,0,0,131071,131071
105369,105369,0,1.11001E+23,0,0,0,131071,131071
105369,105369,0,1.11001E+23,0,0,0,131071,131071
105369,105369,0,1.11001E+23,0,0,0,131071,131071
105369,105369,0,1.11001E+23,0,0,0,131071,131071
105369,105369,0,1.11001E+23,0,0,0,131071,131071
105369,105369,0,1.11001E+23,0,0,0,131071,131071
105369,105369,0,1.11001E+23,0,0,0,131071,131071
105369,105369,0,1.11001E+23,0,0,0,131071,131071
105369,105369,0,1.11001E+23,0,0,0,131071,131071
105369,105369,0,1.11001E+23,0,0,0,131071,131071
105369,105369,0,1.11001E+23,0,0,0,131071,131071
105369,105369,0,1.11001E+23,0,0,0,131071,131071
105369,105369,0,1.11001E+23,0,0,0,131071,131071
105369,105368,-1,1.11001E+23,1,-1,-1,131070,131072
105368,108452,3084,1.1101E+23,3084,3084,3084,134155,127987
108452,11823,34442,1.0001E+23,34442,-96629,-96629,34442,227700
11823,31352,19529,1.00111E+23,19529,19529,19529,150600,111542
31352,42663,11311,1.0101E+23,11311,11311,11311,142382,119760
42663,40605,-2058,1.01001E+23,2058,-2058,-2058,129013,133129
40605,40605,0,1.01001E+23,0,0,0,131071,131071
40605,41634,1029,1.0101E+23,1029,1029,1029,132100,130042
41634,69389,27755,1.1E+23,27755,27755,27755,158826,103316
69389,104343,34954,1.11001E+23,34954,34954,34954,166025,96117
104343,109481,5138,1.1101E+23,5138,5138,5138,136209,125933
109481,108455,-1026,1.1101E+23,1026,-1026,-1026,130045,132097
108455,108455,0,1.1101E+23,0,0,0,131071,131071
108455,109482,1027,1.1101E+23,1027,1027,1027,132098,130044
109482,4627,26216,1.00001E+23,26216,-104855,-104855,26216,235926
4627,45744,41117,1.01011E+23,41117,41117,41117,172188,89954
45744,85838,40094,1.101E+23,40094,40094,40094,171165,90977
85838,84811,-1027,1.101E+23,1027,-1027,-1027,130044,132098
84811,84811,0,1.101E+23,0,0,0,131071,131071
84811,84811,0,1.101E+23,0,0,0,131071,131071
84811,88921,4110,1.10101E+23,4110,4110,4110,135181,126961
88921,3597,45747,1E+23,45747,-85324,-85324,45747,216395
3597,22100,18503,1.00101E+23,18503,18503,18503,149574,112568
22100,21073,-1027,1.00101E+23,1027,-1027,-1027,130044,132098
21073,21073,0,1.00101E+23,0,0,0,131071,131071
21073,21073,0,1.00101E+23,0,0,0,131071,131071
21073,21075,2,1.00101E+23,2,2,2,131073,131069
21075,22100,1025,1.00101E+23,1025,1025,1025,132096,130046
22100,31353,9253,1.00111E+23,9253,9253,9253,140324,121818
31353,31353,0,1.00111E+23,0,0,0,131071,131071
31353,31353,0,1.00111E+23,0,0,0,131071,131071
31353,31355,2,1.00111E+23,2,2,2,131073,131069
31355,32382,1027,1.00111E+23,1027,1027,1027,132098,130044
32382,33408,1026,1.01E+23,1026,1026,1026,132097,130045
33408,37523,4115,1.01001E+23,4115,4115,4115,135186,126956
37523,67335,29812,1.1E+23,29812,29812,29812,160883,101259
67335,94062,26727,1.1011E+23,26727,26727,26727,157798,104344
94062,123872,29810,1.1111E+23,29810,29810,29810,160881,101261
123872,14907,22106,1.00011E+23,22106,-108965,-108965,22106,240036
14907,14906,-1,1.00011E+23,1,-1,-1,131070,131072
14906,14906,0,1.00011E+23,0,0,0,131071,131071
14906,14904,-2,1.00011E+23,2,-2,-2,131069,131073
14904,23130,8226,1.00101E+23,8226,8226,8226,139297,122845
23130,77614,54484,1.1001E+23,54484,54484,54484,185555,76587
77614,86865,9251,1.10101E+23,9251,9251,9251,140322,121820
86865,86864,-1,1.10101E+23,1,-1,-1,131070,131072
86864,86864,0,1.10101E+23,0,0,0,131071,131071
86864,87893,1029,1.10101E+23,1029,1029,1029,132100,130042
87893,121819,33926,1.11101E+23,33926,33926,33926,164997,97145
121819,17989,27241,1.001E+23,27241,-103830,-103830,27241,234901
17989,17989,0,1.001E+23,0,0,0,131071,131071
17989,17989,0,1.001E+23,0,0,0,131071,131071
17989,17991,2,1.001E+23,2,2,2,131073,131069
17991,17989,-2,1.001E+23,2,-2,-2,131069,131073
17989,51912,33923,1.011E+23,33923,33923,33923,164994,97148
51912,84808,32896,1.101E+23,32896,32896,32896,163967,98175
84808,83780,-1028,1.101E+23,1028,-1028,-1028,130043,132099
83780,83780,0,1.101E+23,0,0,0,131071,131071
83780,83780,0,1.101E+23,0,0,0,131071,131071
83780,98174,14394,1.10111E+23,14394,14394,14394,145465,116677
98174,11821,44718,1.0001E+23,44718,-86353,-86353,44718,217424
11821,16962,5141,1.001E+23,5141,5141,5141,136212,125930
16962,16961,-1,1.001E+23,1,-1,-1,131070,131072
16961,16961,0,1.001E+23,0,0,0,131071,131071
16961,19016,2055,1.001E+23,2055,2055,2055,133126,129016
19016,47802,28786,1.01011E+23,28786,28786,28786,159857,102285
47802,76585,28783,1.1001E+23,28783,28783,28783,159854,102288
76585,76584,-1,1.1001E+23,1,-1,-1,131070,131072
76584,76584,0,1.1001E+23,0,0,0,131071,131071
76584,87893,11309,1.10101E+23,11309,11309,11309,142380,119762
87893,6680,49858,1.00001E+23,49858,-81213,-81213,49858,212284
6680,12849,6169,1.00011E+23,6169,6169,6169,137240,124902
12849,12849,0,1.00011E+23,0,0,0,131071,131071
12849,12849,0,1.00011E+23,0,0,0,131071,131071
12849,11823,-1026,1.0001E+23,1026,-1026,-1026,130045,132097
11823,11820,-3,1.0001E+23,3,-3,-3,131068,131074
11820,16961,5141,1.001E+23,5141,5141,5141,136212,125930
16961,59111,42150,1.0111E+23,42150,42150,42150,173221,88921
59111,79668,20557,1.10011E+23,20557,20557,20557,151628,110514
79668,79669,1,1.10011E+23,1,1,1,131072,131070
79669,77613,-2056,1.1001E+23,2056,-2056,-2056,129015,133127
77613,54999,-22614,1.01101E+23,22614,-22614,-22614,108457,153685
54999,126959,59111,1.1111E+23,59111,71960,71960,203031,59111
126959,125928,-1031,1.1111E+23,1031,-1031,-1031,130040,132102
125928,126956,1028,1.1111E+23,1028,1028,1028,132099,130043
126956,126956,0,1.1111E+23,0,0,0,131071,131071
126956,126959,3,1.1111E+23,3,3,3,131074,131068
126959,126957,-2,1.1111E+23,2,-2,-2,131069,131073
126957,125928,-1029,1.1111E+23,1029,-1029,-1029,130042,132100
125928,125928,0,1.1111E+23,0,0,0,131071,131071
125928,127984,2056,1.11111E+23,2056,2056,2056,133127,129015
127984,127985,1,1.11111E+23,1,1,1,131072,131070
127985,127987,2,1.11111E+23,2,2,2,131073,131069
127987,127986,-1,1.11111E+23,1,-1,-1,131070,131072
127986,126956,-1030,1.1111E+23,1030,-1030,-1030,130041,132101
126956,123873,-3083,1.1111E+23,3083,-3083,-3083,127988,134154
123873,86865,-37008,1.10101E+23,37008,-37008,-37008,94063,168079
86865,51914,-34951,1.011E+23,34951,-34951,-34951,96120,166022
51914,45745,-6169,1.01011E+23,6169,-6169,-6169,124902,137240
45745,45745,0,1.01011E+23,0,0,0,131071,131071
45745,45747,2,1.01011E+23,2,2,2,131073,131069
45747,43688,-2059,1.0101E+23,2059,-2059,-2059,129012,133130
43688,13876,-29812,1.00011E+23,29812,-29812,-29812,101259,160883
13876,97145,47802,1.10111E+23,47802,83269,83269,214340,47802
97145,87893,-9252,1.10101E+23,9252,-9252,-9252,121819,140323
87893,87893,0,1.10101E+23,0,0,0,131071,131071
87893,87895,2,1.10101E+23,2,2,2,131073,131069
87895,59111,-28784,1.0111E+23,28784,-28784,-28784,102287,159855
59111,19019,-40092,1.001E+23,40092,-40092,-40092,90979,171163
19019,17988,-1031,1.001E+23,1031,-1031,-1031,130040,132102
17988,17990,2,1.001E+23,2,2,2,131073,131069
17990,16960,-1030,1.001E+23,1030,-1030,-1030,130041,132101
16960,109482,38549,1.1101E+23,38549,92522,92522,223593,38549
109482,76584,-32898,1.1001E+23,32898,-32898,-32898,98173,163969
76584,76586,2,1.1001E+23,2,2,2,131073,131069
76586,76586,0,1.1001E+23,0,0,0,131071,131071
76586,75558,-1028,1.1001E+23,1028,-1028,-1028,130043,132099
75558,46774,-28784,1.01011E+23,28784,-28784,-28784,102287,159855
46774,6680,-40094,1.00001E+23,40094,-40094,-40094,90977,171165
6680,4624,-2056,1.00001E+23,2056,-2056,-2056,129015,133127
4624,4624,0,1.00001E+23,0,0,0,131071,131071
4624,4624,0,1.00001E+23,0,0,0,131071,131071
4624,106396,29299,1.11001E+23,29299,101772,101772,232843,29299
106396,66304,-40092,1.1E+23,40092,-40092,-40092,90979,171163
66304,64250,-2054,1.01111E+23,2054,-2054,-2054,129017,133125
64250,64250,0,1.01111E+23,0,0,0,131071,131071
64250,63220,-1030,1.01111E+23,1030,-1030,-1030,130041,132101
63220,33408,-29812,1.00111E+23,29812,-29812,-29812,101259,160883
33408,116677,47802,1.111E+23,47802,83269,83269,214340,47802
116677,116678,1,1.111E+23,1,1,1,131072,131070
116678,116678,0,1.111E+23,0,0,0,131071,131071
116678,116679,1,1.111E+23,1,1,1,131072,131070
116679,76585,-40094,1.1001E+23,40094,-40094,-40094,90977,171165
76585,50884,-25701,1.011E+23,25701,-25701,-25701,105370,156772
50884,51913,1029,1.011E+23,1029,1029,1029,132100,130042
51913,51913,0,1.011E+23,0,0,0,131071,131071
51913,50886,-1027,1.011E+23,1027,-1027,-1027,130044,132098
50886,6683,-44203,1.00001E+23,44203,-44203,-44203,86868,175274
6683,106399,31355,1.11001E+23,31355,99716,99716,230787,31355
106399,106396,-3,1.11001E+23,3,-3,-3,131068,131074
106396,106399,3,1.11001E+23,3,3,3,131074,131068
106399,104342,-2057,1.11001E+23,2057,-2057,-2057,129014,133128
104342,66306,-38036,1.01111E+23,38036,-38036,-38036,93035,169107
66306,54997,-11309,1.01101E+23,11309,-11309,-11309,119762,142380
54997,54999,2,1.01101E+23,2,2,2,131073,131069
54999,54999,0,1.01101E+23,0,0,0,131071,131071
54999,45746,-9253,1.01011E+23,9253,-9253,-9253,121818,140324
45746,112564,64253,1.11011E+23,64253,66818,66818,197889,64253
112564,112565,1,1.11011E+23,1,1,1,131072,131070
112565,112565,0,1.11011E+23,0,0,0,131071,131071
112565,112565,0,1.11011E+23,0,0,0,131071,131071
112565,110511,-2054,1.1101E+23,2054,-2054,-2054,129017,133125
110511,52941,-57570,1.011E+23,57570,-57570,-57570,73501,188641
52941,32380,-20561,1.00111E+23,20561,-20561,-20561,110510,151632
32380,32381,1,1.00111E+23,1,1,1,131072,131070
32381,32382,1,1.00111E+23,1,1,1,131072,131070
32382,32381,-1,1.00111E+23,1,-1,-1,131070,131072
32381,4627,-27754,1.00001E+23,27754,-27754,-27754,103317,158825
4627,89949,45749,1.1011E+23,45749,85322,85322,216393,45749
89949,90979,1030,1.1011E+23,1030,1030,1030,132101,130041
90979,90976,-3,1.1011E+23,3,-3,-3,131068,131074
90976,90978,2,1.1011E+23,2,2,2,131073,131069
90978,60137,-30841,1.0111E+23,30841,-30841,-30841,100230,161912
60137,25187,-34950,1.0011E+23,34950,-34950,-34950,96121,166021
25187,25184,-3,1.0011E+23,3,-3,-3,131068,131074
25184,25184,0,1.0011E+23,0,0,0,131071,131071
25184,25184,0,1.0011E+23,0,0,0,131071,131071
25184,25184,0,1.0011E+23,0,0,0,131071,131071
25184,25184,0,1.0011E+23,0,0,0,131071,131071
25184,25184,0,1.0011E+23,0,0,0,131071,131071
25184,25184,0,1.0011E+23,0,0,0,131071,131071
25184,25184,0,1.0011E+23,0,0,0,131071,131071
25184,25184,0,1.0011E+23,0,0,0,131071,131071
25184,25184,0,1.0011E+23,0,0,0,131071,131071
25184,25184,0,1.0011E+23,0,0,0,131071,131071
25184,25184,0,1.0011E+23,0,0,0,131071,131071
25184,25184,0,1.0011E+23,0,0,0,131071,131071
