i,f,dt,pos,abs(dt)
98172,98172,0,1.10111E+23,0
98172,98172,0,1.10111E+23,0
98172,98172,0,1.10111E+23,0
98172,98172,0,1.10111E+23,0
98172,98172,0,1.10111E+23,0
98172,98172,0,1.10111E+23,0
98172,98172,0,1.10111E+23,0
98172,98172,0,1.10111E+23,0
98172,98172,0,1.10111E+23,0
98172,98172,0,1.10111E+23,0
98172,98172,0,1.10111E+23,0
98172,98172,0,1.10111E+23,0
98172,98172,0,1.10111E+23,0
98172,98172,0,1.10111E+23,0
98172,98172,0,1.10111E+23,0
98172,98172,0,1.10111E+23,0
98172,98172,0,1.10111E+23,0
98172,98172,0,1.10111E+23,0
98172,98172,0,1.10111E+23,0
98172,98172,0,1.10111E+23,0
98172,98172,0,1.10111E+23,0
98172,98172,0,1.10111E+23,0
98172,98173,1,1.10111E+23,1
98173,98173,0,1.10111E+23,0
98173,98172,-1,1.10111E+23,1
98172,83783,-14389,1.101E+23,14389
83783,37520,-46263,1.01E+23,46263
37520,30326,-7194,1.00111E+23,7194
30326,30325,-1,1.00111E+23,1
30325,29298,-1027,1.0011E+23,1027
29298,118735,41634,1.111E+23,41634
118735,85839,-32896,1.101E+23,32896
85839,85837,-2,1.101E+23,2
85837,84808,-1029,1.101E+23,1029
84808,36492,-48316,1.01E+23,48316
36492,3599,-32893,1E+23,32893
3599,3596,-3,1E+23,3
3596,3599,3,1E+23,3
3599,92005,42665,1.1011E+23,42665
92005,53968,-38037,1.01101E+23,38037
53968,53969,1,1.01101E+23,1
53969,53971,2,1.01101E+23,2
53971,37521,-16450,1.01E+23,16450
37521,126958,41634,1.1111E+23,41634
126958,104343,-22615,1.11001E+23,22615
104343,105368,1025,1.11001E+23,1025
105368,105370,2,1.11001E+23,2
105370,96119,-9251,1.10111E+23,9251
96119,34438,-61681,1.00111E+23,61681
34438,14906,-19532,1.00011E+23,19532
14906,14904,-2,1.00011E+23,2
14904,14907,3,1.00011E+23,3
14907,113594,32384,1.11011E+23,32384
113594,75556,-38038,1.1001E+23,38038
75556,73500,-2056,1.10001E+23,2056
73500,73502,2,1.10001E+23,2
73502,56027,-17475,1.01101E+23,17475
56027,7708,-48319,1.00001E+23,48319
7708,127985,10794,1.11111E+23,10794
127985,127985,0,1.11111E+23,0
127985,109482,-18503,1.1101E+23,18503
109482,67333,-42149,1.1E+23,42149
67333,61165,-6168,1.0111E+23,6168
61165,61164,-1,1.0111E+23,1
61164,52942,-8222,1.011E+23,8222
52942,125928,58085,1.1111E+23,58085
125928,116678,-9250,1.111E+23,9250
116678,116679,1,1.111E+23,1
116679,109481,-7198,1.1101E+23,7198
109481,65276,-44205,1.01111E+23,44205
65276,47803,-17473,1.01011E+23,17473
47803,47801,-2,1.01011E+23,2
47801,43689,-4112,1.0101E+23,4112
43689,6681,-37008,1.00001E+23,37008
6681,109483,28269,1.1101E+23,28269
109483,109483,0,1.1101E+23,0
109483,109480,-3,1.1101E+23,3
109480,86865,-22615,1.101E+23,22615
86865,34439,-52426,1.01E+23,52426
34439,32380,-2059,1.00111E+23,2059
32380,32383,3,1.00111E+23,3
32383,27241,-5142,1.0011E+23,5142
27241,119762,38550,1.111E+23,38550
119762,114622,-5140,1.11011E+23,5140
114622,114622,0,1.11011E+23,0
114622,113592,-1030,1.11011E+23,1030
113592,75556,-38036,1.1001E+23,38036
75556,53968,-21588,1.01101E+23,21588
53968,53971,3,1.01101E+23,3
53971,53971,0,1.01101E+23,0
53971,53971,0,1.01101E+23,0
53971,53968,-3,1.01101E+23,3
53968,53969,1,1.01101E+23,1
53969,53969,0,1.01101E+23,0
53969,53970,1,1.01101E+23,1
53970,53968,-2,1.01101E+23,2
53968,53970,2,1.01101E+23,2
53970,53969,-1,1.01101E+23,1
53969,53970,1,1.01101E+23,1
53970,53971,1,1.01101E+23,1
53971,53971,0,1.01101E+23,0
53971,53971,0,1.01101E+23,0
53971,53971,0,1.01101E+23,0
53971,53971,0,1.01101E+23,0
53971,53971,0,1.01101E+23,0
53971,53971,0,1.01101E+23,0
53971,53971,0,1.01101E+23,0
53971,53970,-1,1.01101E+23,1
53970,53969,-1,1.01101E+23,1
53969,53971,2,1.01101E+23,2
53971,53971,0,1.01101E+23,0
53971,53969,-2,1.01101E+23,2
53969,58080,4111,1.0111E+23,4111
58080,73500,15420,1.1001E+23,15420
73500,109482,35982,1.1101E+23,35982
109482,131071,21589,1.11111E+23,21589
131071,12850,12850,1.0001E+23,12850
12850,11823,-1027,1.0001E+23,1027
11823,11823,0,1.0001E+23,0
11823,11823,0,1.0001E+23,0
11823,11820,-3,1.0001E+23,3
11820,11821,1,1.0001E+23,1
11821,26214,14393,1.0011E+23,14393
26214,72475,46261,1.1001E+23,46261
72475,95089,22614,1.10111E+23,22614
95089,95088,-1,1.10111E+23,1
95088,95089,1,1.10111E+23,1
95089,110511,15422,1.11011E+23,15422
110511,30324,50884,1.00111E+23,50884
30324,64248,33924,1.01111E+23,33924
64248,64248,0,1.01111E+23,0
64248,64250,2,1.01111E+23,2
64250,75556,11306,1.1001E+23,11306
75556,118733,43177,1.11101E+23,43177
118733,19019,31357,1.001E+23,31357
19019,17990,-1029,1.001E+23,1029
17990,17988,-2,1.001E+23,2
17988,45744,27756,1.01011E+23,27756
45744,86866,41122,1.10101E+23,41122
86866,98173,11307,1.10111E+23,11307
98173,98172,-1,1.10111E+23,1
98172,99200,1028,1.11E+23,1028
99200,126956,27756,1.1111E+23,27756
126956,39579,43694,1.01001E+23,43694
39579,49856,10277,1.011E+23,10277
49856,49856,0,1.011E+23,0
49856,50884,1028,1.011E+23,1028
50884,93034,42150,1.10111E+23,42150
93034,131070,38036,1.11111E+23,38036
131070,130040,-1030,1.11111E+23,1030
130040,130042,2,1.11111E+23,2
130042,8739,9768,1.0001E+23,9768
8739,64251,55512,1.01111E+23,55512
64251,86865,22614,1.10101E+23,22614
86865,86866,1,1.10101E+23,1
86866,86867,1,1.10101E+23,1
86867,111539,24672,1.11011E+23,24672
111539,26215,45747,1.0011E+23,45747
26215,39578,13363,1.01001E+23,13363
39578,39576,-2,1.01001E+23,2
39576,40607,1031,1.01001E+23,1031
40607,77612,37005,1.10011E+23,37005
77612,108453,30841,1.1101E+23,30841
108453,107427,-1026,1.1101E+23,1026
107427,107427,0,1.1101E+23,0
107427,110508,3081,1.1101E+23,3081
110508,14906,35469,1.00011E+23,35469
14906,60139,45233,1.0111E+23,45233
60139,62192,2053,1.01111E+23,2053
62192,62195,3,1.01111E+23,3
62195,62193,-2,1.01111E+23,2
62193,67332,5139,1.1E+23,5139
67332,85836,18504,1.101E+23,18504
85836,108453,22617,1.1101E+23,22617
108453,107427,-1026,1.1101E+23,1026
107427,107424,-3,1.1101E+23,3
107424,111538,4114,1.11011E+23,4114
111538,21075,40608,1.00101E+23,40608
21075,44718,23643,1.0101E+23,23643
44718,43690,-1028,1.0101E+23,1028
43690,43688,-2,1.0101E+23,2
43688,59110,15422,1.0111E+23,15422
59110,95091,35981,1.10111E+23,35981
95091,109480,14389,1.1101E+23,14389
109480,109481,1,1.1101E+23,1
109481,109483,2,1.1101E+23,2
109483,3598,25186,1.00001E+23,25186
3598,42661,39063,1.0101E+23,39063
42661,48830,6169,1.01011E+23,6169
48830,48830,0,1.01011E+23,0
48830,50887,2057,1.011E+23,2057
50887,93033,42146,1.1011E+23,42146
93033,120788,27755,1.11101E+23,27755
120788,120788,0,1.11101E+23,0
120788,120788,0,1.11101E+23,0
120788,120788,0,1.11101E+23,0
120788,120788,0,1.11101E+23,0
120788,120788,0,1.11101E+23,0
120788,120788,0,1.11101E+23,0
120788,120788,0,1.11101E+23,0
120788,120788,0,1.11101E+23,0
120788,120788,0,1.11101E+23,0
120788,120788,0,1.11101E+23,0
120788,120788,0,1.11101E+23,0
120788,120788,0,1.11101E+23,0
120788,120788,0,1.11101E+23,0
120788,120788,0,1.11101E+23,0
120788,120788,0,1.11101E+23,0
120788,120788,0,1.11101E+23,0
120788,120788,0,1.11101E+23,0
120788,120788,0,1.11101E+23,0
120788,120788,0,1.11101E+23,0
120788,120788,0,1.11101E+23,0
120788,120788,0,1.11101E+23,0
120788,120788,0,1.11101E+23,0
120788,120788,0,1.11101E+23,0
120788,120788,0,1.11101E+23,0
120788,120788,0,1.11101E+23,0
120788,120788,0,1.11101E+23,0
